100
8681540
1532223
9833678
1700281
8036104
3321462
2433155
62457
2479467
5817860
6181623
6340461
4987618
9699394
6583523
2093495
9628178
5167922
2967921
2347663
9056877
9036362
6271943
6233828
2489191
7802840
7856945
6373269
6155176
2650404
364982
8295004
9880656
793615
5689951
8008245
5803639
8036009
6813422
9393658
4579787
4593848
5473430
3283779
7223185
5626293
5409558
5260006
7208556
628102
9193611
3692356
9742207
6962609
1012682
7181027
9107147
4859674
3413679
7145491
9860644
7047675
9276802
7516032
6931743
2123992
4732641
2209581
7416899
4568349
570977
1158628
4200803
486748
960040
6439216
5729717
125070
8400999
9565602
6408594
402634
5399387
4229083
251883
2603025
5601052
5479905
9957061
265669
1540423
758535
760050
6517384
1806007
128789
3292773
2898649
8798891
9990748
